24196 (95.lumiebrowser) S 571 1 1 0 0 0 21527 21527 27002 27002 97 37 0 0 -54 -10 89 0 24094322 188734754816 238471 0 0 0 0 0 0 0 0 0 0 0 33887 0 0 3 53 1 0 0 0 0 0 0 0 0 0 0 0 0
24343 (OS_IPC_0_24343) S 571 1 1 0 0 0 179 179 197 197 3 1 0 0 0 -20 89 0 24094369 188734754816 238471 0 0 0 0 0 0 0 0 0 0 0 33887 0 0 4 40 0 0 0 0 0 0 0 0 0 0 0 0 0
24344 (OS_IPC_1_24344) S 571 1 1 0 0 0 98 98 79 79 1 4 0 0 0 -20 89 0 24094369 188734754816 238471 0 0 0 0 0 0 0 0 0 0 0 33887 0 0 5 40 0 0 0 0 0 0 0 0 0 0 0 0 0
24345 (OS_DfxWatchdog) S 571 1 1 0 0 0 802 802 323 323 5 3 0 0 0 -20 89 0 24094370 188734754816 238471 0 0 0 0 0 0 0 0 0 0 0 33887 0 0 2 40 0 0 0 0 0 0 0 0 0 0 0 0 0
24346 (OS_FFRT_Delay) S 571 1 1 0 0 0 73 73 1 1 3 4 0 0 20 0 89 0 24094370 188734754816 238471 0 0 0 0 0 0 0 0 0 0 0 33887 0 0 1 20 0 0 0 0 0 0 0 0 0 0 0 0 0
24348 (OS_IPC_2_24348) S 571 1 1 0 0 0 140 140 70 70 2 2 0 0 0 -20 89 0 24094371 188734754816 238471 0 0 0 0 0 0 0 0 0 0 0 33887 0 0 4 40 0 0 0 0 0 0 0 0 0 0 0 0 0
24350 (OS_IPC_3_24350) S 571 1 1 0 0 0 58 58 13 13 1 1 0 0 0 -20 89 0 24094372 188734754816 238471 0 0 0 0 0 0 0 0 0 0 0 33887 0 0 5 40 0 0 0 0 0 0 0 0 0 0 0 0 0
24352 (OS_GC_Thread) S 571 1 1 0 0 0 259 259 10 10 2 0 0 0 10 -10 89 0 24094372 188734754816 238471 0 0 0 0 0 0 0 0 0 0 0 33887 0 0 8 30 0 0 0 0 0 0 0 0 0 0 0 0 0
24353 (OS_GC_Thread) S 571 1 1 0 0 0 471 471 11 11 2 1 0 0 10 -10 89 0 24094372 188734754816 238471 0 0 0 0 0 0 0 0 0 0 0 33887 0 0 8 30 0 0 0 0 0 0 0 0 0 0 0 0 0
24354 (OS_GC_Thread) S 571 1 1 0 0 0 137 137 3 3 1 0 0 0 10 -10 89 0 24094372 188734754816 238471 0 0 0 0 0 0 0 0 0 0 0 33887 0 0 8 30 0 0 0 0 0 0 0 0 0 0 0 0 0
24355 (OS_GC_Thread) S 571 1 1 0 0 0 244 244 1 1 2 0 0 0 10 -10 89 0 24094372 188734754816 238471 0 0 0 0 0 0 0 0 0 0 0 33887 0 0 4 30 0 0 0 0 0 0 0 0 0 0 0 0 0
24356 (OS_GC_Thread) S 571 1 1 0 0 0 245 245 13 13 2 1 0 0 10 -10 89 0 24094372 188734754816 238471 0 0 0 0 0 0 0 0 0 0 0 33887 0 0 2 30 0 0 0 0 0 0 0 0 0 0 0 0 0
24358 (OS_hdcRegister) S 571 1 1 0 0 0 23 23 12 12 1 0 0 0 20 0 89 0 24094373 188734754816 238471 0 0 0 0 0 0 0 0 0 0 0 33887 0 0 1 20 0 0 0 0 0 0 0 0 0 0 0 0 0
24398 (95.lumiebrowser) S 571 1 1 0 0 0 1 1 0 0 1 1 0 0 0 -20 89 0 24094391 188734754816 238471 0 0 0 0 0 0 0 0 0 0 0 33887 0 0 9 40 0 0 0 0 0 0 0 0 0 0 0 0 0
24402 (sandbox_thread) S 571 1 1 0 0 0 1 1 1 1 1 0 0 0 0 -20 89 0 24094394 188734754816 238471 0 0 0 0 0 0 0 0 0 0 0 33887 0 0 6 40 0 0 0 0 0 0 0 0 0 0 0 0 0
24406 (OS_EVENT_POLL) S 571 1 1 0 0 0 30 30 22 22 3 1 0 0 -53 -20 89 0 24094395 188734754816 238471 0 0 0 0 0 0 0 0 0 0 0 33887 0 0 11 52 1 0 0 0 0 0 0 0 0 0 0 0 0
24423 (OS_MainDisplayS) S 571 1 1 0 0 0 60 60 49 49 1 1 0 0 0 -20 89 0 24094397 188734754816 238471 0 0 0 0 0 0 0 0 0 0 0 33887 0 0 6 40 0 0 0 0 0 0 0 0 0 0 0 0 0
24424 (OS_IPC_4_24424) S 571 1 1 0 0 0 53 53 4 4 1 1 0 0 0 -20 89 0 24094397 188734754816 238471 0 0 0 0 0 0 0 0 0 0 0 33887 0 0 4 40 0 0 0 0 0 0 0 0 0 0 0 0 0
24426 (95.lumiebrowser) S 571 1 1 0 0 0 28 28 0 0 1 0 0 0 0 -20 89 0 24094398 188734754816 238471 0 0 0 0 0 0 0 0 0 0 0 33887 0 0 1 40 0 0 0 0 0 0 0 0 0 0 0 0 0
24432 (OS_ExtensionSes) S 571 1 1 0 0 0 76 76 94 94 1 1 0 0 10 -10 89 0 24094403 188734754816 238471 0 0 0 0 0 0 0 0 0 0 0 33887 0 0 7 30 0 0 0 0 0 0 0 0 0 0 0 0 0
24459 (95.lumiebrowser) S 571 1 1 0 0 0 2 2 4 4 4 10 0 0 10 -10 89 0 24094413 188734754816 238471 0 0 0 0 0 0 0 0 0 0 0 33887 0 0 0 30 0 0 0 0 0 0 0 0 0 0 0 0 0
24460 (CrBrowserMain) S 571 1 1 0 0 0 135384 135384 16515 16515 453 151 0 0 12 -8 89 0 24094413 188734754816 238471 0 0 0 0 0 0 0 0 0 0 0 33887 0 0 1 28 0 0 0 0 0 0 0 0 0 0 0 0 0
24473 (PerfettoTrace) S 571 1 1 0 0 0 35 35 22 22 1 0 0 0 20 0 89 0 24094417 188734754816 238471 0 0 0 0 0 0 0 0 0 0 0 33887 0 0 0 20 0 0 0 0 0 0 0 0 0 0 0 0 0
24479 (ThreadPoolServi) S 571 1 1 0 0 0 93 93 2 2 3 1 0 0 20 0 89 0 24094417 188734754816 238471 0 0 0 0 0 0 0 0 0 0 0 33887 0 0 0 20 0 0 0 0 0 0 0 0 0 0 0 0 0
24481 (ThreadPoolForeg) S 571 1 1 0 0 0 171729 171729 6599 6599 4357 126 0 0 20 0 89 0 24094417 188734754816 238471 0 0 0 0 0 0 0 0 0 0 0 33887 0 0 4 20 0 0 0 0 0 0 0 0 0 0 0 0 0
24482 (Chrome_IOThread) S 571 1 1 0 0 0 16085 16085 760 760 188 71 0 0 12 -8 89 0 24094417 188734754816 238471 0 0 0 0 0 0 0 0 0 0 0 33887 0 0 0 28 0 0 0 0 0 0 0 0 0 0 0 0 0
24488 (MemoryInfra) S 571 1 1 0 0 0 309 309 96 96 5 3 0 0 20 0 89 0 24094417 188734754816 238471 0 0 0 0 0 0 0 0 0 0 0 33887 0 0 1 20 0 0 0 0 0 0 0 0 0 0 0 0 0
24490 (CrShutdownDetec) S 571 1 1 0 0 0 6 6 0 0 1 0 0 0 20 0 89 0 24094418 188734754816 238471 0 0 0 0 0 0 0 0 0 0 0 33887 0 0 6 20 0 0 0 0 0 0 0 0 0 0 0 0 0
24500 (ThreadPoolForeg) R 571 1 1 0 0 0 38971 38971 4581 4581 5296 67 0 0 20 0 89 0 24094419 188734754816 238471 0 0 0 0 0 0 0 0 0 0 0 33887 0 0 10 20 0 0 0 0 0 0 0 0 0 0 0 0 0
24501 (ThreadPoolForeg) S 571 1 1 0 0 0 14218 14218 3132 3132 3996 61 0 0 20 0 89 0 24094419 188734754816 238471 0 0 0 0 0 0 0 0 0 0 0 33887 0 0 4 20 0 0 0 0 0 0 0 0 0 0 0 0 0
24503 (Chrome_InProcGp) S 571 1 1 0 0 0 7987 7987 6585 6585 4132 1015 0 0 12 -8 89 0 24094419 188734754816 238471 0 0 0 0 0 0 0 0 0 0 0 33887 0 0 0 28 0 0 0 0 0 0 0 0 0 0 0 0 0
24509 (CompositorTileW) S 571 1 1 0 0 0 28 28 31 31 1 1 0 0 20 0 89 0 24094419 188734754816 238471 0 0 0 0 0 0 0 0 0 0 0 33887 0 0 3 20 0 0 0 0 0 0 0 0 0 0 0 0 0
24510 (Chrome_ChildIOT) S 571 1 1 0 0 0 233 233 22 22 165 39 0 0 20 0 89 0 24094420 188734754816 238471 0 0 0 0 0 0 0 0 0 0 0 33887 0 0 0 20 0 0 0 0 0 0 0 0 0 0 0 0 0
24511 (AudioThread) S 571 1 1 0 0 0 9 9 5 5 1 1 0 0 20 0 89 0 24094420 188734754816 238471 0 0 0 0 0 0 0 0 0 0 0 33887 0 0 0 20 0 0 0 0 0 0 0 0 0 0 0 0 0
24512 (VideoCaptureThr) S 571 1 1 0 0 0 8 8 0 0 1 0 0 0 20 0 89 0 24094420 188734754816 238471 0 0 0 0 0 0 0 0 0 0 0 33887 0 0 5 20 0 0 0 0 0 0 0 0 0 0 0 0 0
24513 (ThreadPoolForeg) S 571 1 1 0 0 0 6686 6686 487 487 2967 30 0 0 20 0 89 0 24094420 188734754816 238471 0 0 0 0 0 0 0 0 0 0 0 33887 0 0 2 20 0 0 0 0 0 0 0 0 0 0 0 0 0
24514 (NetworkService) S 571 1 1 0 0 0 12768 12768 7933 7933 377 655 0 0 20 0 89 0 24094420 188734754816 238471 0 0 0 0 0 0 0 0 0 0 0 33887 0 0 5 20 0 0 0 0 0 0 0 0 0 0 0 0 0
24519 (gpu-mem-report) S 571 1 1 0 0 0 80 80 2 2 9 3 0 0 12 -8 89 0 24094422 188734754816 238471 0 0 0 0 0 0 0 0 0 0 0 33887 0 0 2 28 0 0 0 0 0 0 0 0 0 0 0 0 0
24520 (gpu-mem-pool) S 571 1 1 0 0 0 1 1 2 2 7 2 0 0 12 -8 89 0 24094422 188734754816 238471 0 0 0 0 0 0 0 0 0 0 0 33887 0 0 0 28 0 0 0 0 0 0 0 0 0 0 0 0 0
24521 (gpu-work-client) S 571 1 1 0 0 0 0 0 1 1 1 0 0 0 12 -8 89 0 24094422 188734754816 238471 0 0 0 0 0 0 0 0 0 0 0 33887 0 0 5 28 0 0 0 0 0 0 0 0 0 0 0 0 0
24523 (ThreadPoolSingl) S 571 1 1 0 0 0 213 213 77 77 1 1 0 0 20 0 89 0 24094423 188734754816 238471 0 0 0 0 0 0 0 0 0 0 0 33887 0 0 1 20 0 0 0 0 0 0 0 0 0 0 0 0 0
24527 (gpu-async-worke) S 571 1 1 0 0 0 4 4 0 0 1 0 0 0 12 -8 89 0 24094424 188734754816 238471 0 0 0 0 0 0 0 0 0 0 0 33887 0 0 5 28 0 0 0 0 0 0 0 0 0 0 0 0 0
24529 (gpu-mem-pool) S 571 1 1 0 0 0 7 7 0 0 30 15 0 0 12 -8 89 0 24094424 188734754816 238471 0 0 0 0 0 0 0 0 0 0 0 33887 0 0 2 28 0 0 0 0 0 0 0 0 0 0 0 0 0
24530 (gpu-work-server) S 571 1 1 0 0 0 64 64 12 12 814 448 0 0 -42 -10 89 0 24094425 188734754816 238471 0 0 0 0 0 0 0 0 0 0 0 33887 0 0 1 41 2 0 0 0 0 0 0 0 0 0 0 0 0
24534 (ThreadPoolForeg) S 571 1 1 0 0 0 8516 8516 784 784 2369 25 0 0 20 0 89 0 24094425 188734754816 238471 0 0 0 0 0 0 0 0 0 0 0 33887 0 0 9 20 0 0 0 0 0 0 0 0 0 0 0 0 0
24535 (ThreadPoolForeg) S 571 1 1 0 0 0 4344 4344 211 211 1975 21 0 0 20 0 89 0 24094426 188734754816 238471 0 0 0 0 0 0 0 0 0 0 0 33887 0 0 3 20 0 0 0 0 0 0 0 0 0 0 0 0 0
24537 (ThreadPoolForeg) S 571 1 1 0 0 0 6678 6678 203 203 2152 33 0 0 20 0 89 0 24094426 188734754816 238471 0 0 0 0 0 0 0 0 0 0 0 33887 0 0 2 20 0 0 0 0 0 0 0 0 0 0 0 0 0
24539 (ThreadPoolSingl) S 571 1 1 0 0 0 297 297 28 28 6 9 0 0 20 0 89 0 24094426 188734754816 238471 0 0 0 0 0 0 0 0 0 0 0 33887 0 0 1 20 0 0 0 0 0 0 0 0 0 0 0 0 0
24540 (ThreadPoolForeg) S 571 1 1 0 0 0 6298 6298 153 153 1869 23 0 0 20 0 89 0 24094426 188734754816 238471 0 0 0 0 0 0 0 0 0 0 0 33887 0 0 3 20 0 0 0 0 0 0 0 0 0 0 0 0 0
24541 (ThreadPoolForeg) S 571 1 1 0 0 0 3014 3014 63 63 1738 14 0 0 20 0 89 0 24094426 188734754816 238471 0 0 0 0 0 0 0 0 0 0 0 33887 0 0 9 20 0 0 0 0 0 0 0 0 0 0 0 0 0
24542 (ThreadPoolForeg) S 571 1 1 0 0 0 3634 3634 46 46 1649 14 0 0 20 0 89 0 24094426 188734754816 238471 0 0 0 0 0 0 0 0 0 0 0 33887 0 0 8 20 0 0 0 0 0 0 0 0 0 0 0 0 0
24543 (ThreadPoolForeg) S 571 1 1 0 0 0 2274 2274 0 0 1521 12 0 0 20 0 89 0 24094426 188734754816 238471 0 0 0 0 0 0 0 0 0 0 0 33887 0 0 2 20 0 0 0 0 0 0 0 0 0 0 0 0 0
24544 (ThreadPoolForeg) S 571 1 1 0 0 0 1536 1536 10 10 1451 15 0 0 20 0 89 0 24094426 188734754816 238471 0 0 0 0 0 0 0 0 0 0 0 33887 0 0 6 20 0 0 0 0 0 0 0 0 0 0 0 0 0
24545 (ThreadPoolForeg) S 571 1 1 0 0 0 1495 1495 511 511 1418 15 0 0 20 0 89 0 24094426 188734754816 238471 0 0 0 0 0 0 0 0 0 0 0 33887 0 0 6 20 0 0 0 0 0 0 0 0 0 0 0 0 0
24546 (ThreadPoolForeg) S 571 1 1 0 0 0 916 916 1 1 1333 13 0 0 20 0 89 0 24094426 188734754816 238471 0 0 0 0 0 0 0 0 0 0 0 33887 0 0 3 20 0 0 0 0 0 0 0 0 0 0 0 0 0
24547 (ThreadPoolForeg) S 571 1 1 0 0 0 553 553 0 0 1287 15 0 0 20 0 89 0 24094426 188734754816 238471 0 0 0 0 0 0 0 0 0 0 0 33887 0 0 2 20 0 0 0 0 0 0 0 0 0 0 0 0 0
24548 (Chrome_DevTools) S 571 1 1 0 0 0 43 43 20 20 2 4 0 0 20 0 89 0 24094430 188734754816 238471 0 0 0 0 0 0 0 0 0 0 0 33887 0 0 3 20 0 0 0 0 0 0 0 0 0 0 0 0 0
24552 (VizCompositorTh) S 571 1 1 0 0 0 5087 5087 194 194 3883 70 0 0 12 -8 89 0 24094434 188734754816 238471 0 0 0 0 0 0 0 0 0 0 0 33887 0 0 0 28 0 0 0 0 0 0 0 0 0 0 0 0 0
24575 (CacheThread_Blo) S 571 1 1 0 0 0 763 763 96 96 7 9 0 0 20 0 89 0 24094446 188734754816 238471 0 0 0 0 0 0 0 0 0 0 0 33887 0 0 3 20 0 0 0 0 0 0 0 0 0 0 0 0 0
24576 (Chrome_InProcRe) S 571 1 1 0 0 0 745305 745305 12174 12174 4165 583 0 0 12 -8 89 0 24094447 188734754816 238471 0 0 0 0 0 0 0 0 0 0 0 33887 0 0 0 28 0 0 0 0 0 0 0 0 0 0 0 0 0
24577 (Chrome_ChildIOT) S 571 1 1 0 0 0 12907 12907 3 3 31 14 0 0 12 -8 89 0 24094447 188734754816 238471 0 0 0 0 0 0 0 0 0 0 0 33887 0 0 0 28 0 0 0 0 0 0 0 0 0 0 0 0 0
24588 (Compositor) S 571 1 1 0 0 0 7413 7413 132 132 3166 96 0 0 12 -8 89 0 24094450 188734754816 238471 0 0 0 0 0 0 0 0 0 0 0 33887 0 0 0 28 0 0 0 0 0 0 0 0 0 0 0 0 0
24663 (OS_VSyncThread) S 571 1 1 0 0 0 22 22 0 0 400 279 0 0 -42 -10 89 0 24094475 188734754816 238471 0 0 0 0 0 0 0 0 0 0 0 33887 0 0 2 41 2 0 0 0 0 0 0 0 0 0 0 0 0
24677 (ThreadPoolForeg) S 571 1 1 0 0 0 542 542 715 715 1211 17 0 0 20 0 89 0 24094484 188734754816 238471 0 0 0 0 0 0 0 0 0 0 0 33887 0 0 5 20 0 0 0 0 0 0 0 0 0 0 0 0 0
24678 (OS_BiShengGPU) S 571 1 1 0 0 0 1055 1055 1667 1667 3 1 0 0 12 -8 89 0 24094485 188734754816 238471 0 0 0 0 0 0 0 0 0 0 0 33887 0 0 9 28 0 0 0 0 0 0 0 0 0 0 0 0 0
24679 (OS_BiShengGPU) S 571 1 1 0 0 0 3 3 3 3 1 0 0 0 12 -8 89 0 24094485 188734754816 238471 0 0 0 0 0 0 0 0 0 0 0 33887 0 0 5 28 0 0 0 0 0 0 0 0 0 0 0 0 0
24694 (gpu-boost-scwc) S 571 1 1 0 0 0 2 2 1 1 1 1 0 0 12 -8 89 0 24094487 188734754816 238471 0 0 0 0 0 0 0 0 0 0 0 33887 0 0 6 28 0 0 0 0 0 0 0 0 0 0 0 0 0
24699 (Acquire Fence) S 571 1 1 0 0 0 3 3 0 0 1 1 0 0 -42 -10 89 0 24094489 188734754816 238471 0 0 0 0 0 0 0 0 0 0 0 33887 0 0 7 41 2 0 0 0 0 0 0 0 0 0 0 0 0
24825 (OS_FFRT_2_3) S 571 1 1 0 0 0 29 29 42 42 1 1 0 0 20 0 89 0 24094561 188734754816 238471 0 0 0 0 0 0 0 0 0 0 0 33887 0 0 0 20 0 0 0 0 0 0 0 0 0 0 0 0 0
25149 (inotify_reader) S 571 1 1 0 0 0 3 3 0 0 1 0 0 0 20 0 89 0 24095084 188734754816 238471 0 0 0 0 0 0 0 0 0 0 0 33887 0 0 9 20 0 0 0 0 0 0 0 0 0 0 0 0 0
25443 (OS_imfHiSysEven) S 571 1 1 0 0 0 1 1 0 0 2 0 0 0 0 -20 89 0 24096364 188734754816 238471 0 0 0 0 0 0 0 0 0 0 0 33887 0 0 0 40 0 0 0 0 0 0 0 0 0 0 0 0 0
25524 (Media) S 571 1 1 0 0 0 711 711 16 16 536 7051 0 0 20 0 89 0 24097268 188734754816 238471 0 0 0 0 0 0 0 0 0 0 0 33887 0 0 2 20 0 0 0 0 0 0 0 0 0 0 0 0 0
25525 (VideoFrameCompo) S 571 1 1 0 0 0 187 187 5 5 555 45 0 0 12 -8 89 0 24097287 188734754816 238471 0 0 0 0 0 0 0 0 0 0 0 33887 0 0 0 28 0 0 0 0 0 0 0 0 0 0 0 0 0
27717 (OS_IPC_5_27717) S 571 1 1 0 0 0 22 22 0 0 1 1 0 0 0 -20 89 0 24105393 188734754816 238471 0 0 0 0 0 0 0 0 0 0 0 33887 0 0 0 40 0 0 0 0 0 0 0 0 0 0 0 0 0
27726 (OS_IPC_6_27726) S 571 1 1 0 0 0 17 17 2 2 1 1 0 0 0 -20 89 0 24105396 188734754816 238471 0 0 0 0 0 0 0 0 0 0 0 33887 0 0 9 40 0 0 0 0 0 0 0 0 0 0 0 0 0
28081 (CodecWorker) R 571 1 1 0 0 0 7776 7776 0 0 8083 18 0 0 20 0 89 0 24107074 188734754816 238471 0 0 0 0 0 0 0 0 0 0 0 33887 0 0 1 20 0 0 0 0 0 0 0 0 0 0 0 0 0
28082 (CodecWorker) S 571 1 1 0 0 0 6887 6887 0 0 8060 19 0 0 20 0 89 0 24107074 188734754816 238471 0 0 0 0 0 0 0 0 0 0 0 33887 0 0 8 20 0 0 0 0 0 0 0 0 0 0 0 0 0
28083 (CodecWorker) R 571 1 1 0 0 0 8275 8275 0 0 8015 15 0 0 20 0 89 0 24107074 188734754816 238471 0 0 0 0 0 0 0 0 0 0 0 33887 0 0 2 20 0 0 0 0 0 0 0 0 0 0 0 0 0
28084 (CodecWorker) S 571 1 1 0 0 0 7994 7994 0 0 7986 14 0 0 20 0 89 0 24107074 188734754816 238471 0 0 0 0 0 0 0 0 0 0 0 33887 0 0 11 20 0 0 0 0 0 0 0 0 0 0 0 0 0
28085 (CodecWorker) S 571 1 1 0 0 0 6030 6030 0 0 7890 20 0 0 20 0 89 0 24107074 188734754816 238471 0 0 0 0 0 0 0 0 0 0 0 33887 0 0 10 20 0 0 0 0 0 0 0 0 0 0 0 0 0
28086 (CodecWorker) R 571 1 1 0 0 0 6270 6270 0 0 7866 16 0 0 20 0 89 0 24107074 188734754816 238471 0 0 0 0 0 0 0 0 0 0 0 33887 0 0 8 20 0 0 0 0 0 0 0 0 0 0 0 0 0
28087 (CodecWorker) R 571 1 1 0 0 0 6366 6366 0 0 7763 20 0 0 20 0 89 0 24107074 188734754816 238471 0 0 0 0 0 0 0 0 0 0 0 33887 0 0 9 20 0 0 0 0 0 0 0 0 0 0 0 0 0
28088 (CodecWorker) R 571 1 1 0 0 0 7338 7338 0 0 7676 24 0 0 20 0 89 0 24107074 188734754816 238471 0 0 0 0 0 0 0 0 0 0 0 33887 0 0 4 20 0 0 0 0 0 0 0 0 0 0 0 0 0
28089 (CodecWorker) R 571 1 1 0 0 0 7073 7073 0 0 7597 24 0 0 20 0 89 0 24107074 188734754816 238471 0 0 0 0 0 0 0 0 0 0 0 33887 0 0 3 20 0 0 0 0 0 0 0 0 0 0 0 0 0
28090 (CodecWorker) R 571 1 1 0 0 0 6455 6455 0 0 7549 17 0 0 20 0 89 0 24107074 188734754816 238471 0 0 0 0 0 0 0 0 0 0 0 33887 0 0 7 20 0 0 0 0 0 0 0 0 0 0 0 0 0
28091 (CodecWorker) R 571 1 1 0 0 0 8203 8203 0 0 7508 22 0 0 20 0 89 0 24107074 188734754816 238471 0 0 0 0 0 0 0 0 0 0 0 33887 0 0 4 20 0 0 0 0 0 0 0 0 0 0 0 0 0
29610 (ThreadPoolForeg) S 571 1 1 0 0 0 1 1 0 0 1 0 0 0 20 0 89 0 24117137 188734754816 238471 0 0 0 0 0 0 0 0 0 0 0 33887 0 0 1 20 0 0 0 0 0 0 0 0 0 0 0 0 0
31979 (OS_FFRT_3_25) S 571 1 1 0 0 0 14 14 0 0 1 1 0 0 10 -10 89 0 24127293 188734754816 238471 0 0 0 0 0 0 0 0 0 0 0 33887 0 0 2 30 0 0 0 0 0 0 0 0 0 0 0 0 0
32086 (OS_FFRT_3_26) S 571 1 1 0 0 0 1 1 0 0 1 0 0 0 10 -10 89 0 24128819 188734754816 238471 0 0 0 0 0 0 0 0 0 0 0 33887 0 0 4 30 0 0 0 0 0 0 0 0 0 0 0 0 0
