24196 (95.lumiebrowser) S 571 1 1 0 0 0 21527 21527 27002 27002 97 37 0 0 -54 -10 91 0 24094322 188739039232 247408 0 0 0 0 0 0 0 0 0 0 0 33887 0 0 1 53 1 0 0 0 0 0 0 0 0 0 0 0 0
24343 (OS_IPC_0_24343) S 571 1 1 0 0 0 179 179 197 197 3 1 0 0 0 -20 91 0 24094369 188739039232 247408 0 0 0 0 0 0 0 0 0 0 0 33887 0 0 4 40 0 0 0 0 0 0 0 0 0 0 0 0 0
24344 (OS_IPC_1_24344) S 571 1 1 0 0 0 98 98 79 79 1 4 0 0 0 -20 91 0 24094369 188739039232 247408 0 0 0 0 0 0 0 0 0 0 0 33887 0 0 5 40 0 0 0 0 0 0 0 0 0 0 0 0 0
24345 (OS_DfxWatchdog) S 571 1 1 0 0 0 802 802 323 323 5 3 0 0 0 -20 91 0 24094370 188739039232 247408 0 0 0 0 0 0 0 0 0 0 0 33887 0 0 0 40 0 0 0 0 0 0 0 0 0 0 0 0 0
24346 (OS_FFRT_Delay) S 571 1 1 0 0 0 74 74 1 1 3 4 0 0 20 0 91 0 24094370 188739039232 247408 0 0 0 0 0 0 0 0 0 0 0 33887 0 0 1 20 0 0 0 0 0 0 0 0 0 0 0 0 0
24348 (OS_IPC_2_24348) S 571 1 1 0 0 0 140 140 70 70 2 2 0 0 0 -20 91 0 24094371 188739039232 247408 0 0 0 0 0 0 0 0 0 0 0 33887 0 0 4 40 0 0 0 0 0 0 0 0 0 0 0 0 0
24350 (OS_IPC_3_24350) S 571 1 1 0 0 0 58 58 13 13 1 1 0 0 0 -20 91 0 24094372 188739039232 247408 0 0 0 0 0 0 0 0 0 0 0 33887 0 0 5 40 0 0 0 0 0 0 0 0 0 0 0 0 0
24352 (OS_GC_Thread) S 571 1 1 0 0 0 259 259 10 10 2 0 0 0 10 -10 91 0 24094372 188739039232 247408 0 0 0 0 0 0 0 0 0 0 0 33887 0 0 8 30 0 0 0 0 0 0 0 0 0 0 0 0 0
24353 (OS_GC_Thread) S 571 1 1 0 0 0 471 471 11 11 2 1 0 0 10 -10 91 0 24094372 188739039232 247408 0 0 0 0 0 0 0 0 0 0 0 33887 0 0 8 30 0 0 0 0 0 0 0 0 0 0 0 0 0
24354 (OS_GC_Thread) S 571 1 1 0 0 0 137 137 3 3 1 0 0 0 10 -10 91 0 24094372 188739039232 247408 0 0 0 0 0 0 0 0 0 0 0 33887 0 0 8 30 0 0 0 0 0 0 0 0 0 0 0 0 0
24355 (OS_GC_Thread) S 571 1 1 0 0 0 244 244 1 1 2 0 0 0 10 -10 91 0 24094372 188739039232 247408 0 0 0 0 0 0 0 0 0 0 0 33887 0 0 4 30 0 0 0 0 0 0 0 0 0 0 0 0 0
24356 (OS_GC_Thread) S 571 1 1 0 0 0 245 245 13 13 2 1 0 0 10 -10 91 0 24094372 188739039232 247408 0 0 0 0 0 0 0 0 0 0 0 33887 0 0 2 30 0 0 0 0 0 0 0 0 0 0 0 0 0
24358 (OS_hdcRegister) S 571 1 1 0 0 0 23 23 12 12 1 0 0 0 20 0 91 0 24094373 188739039232 247408 0 0 0 0 0 0 0 0 0 0 0 33887 0 0 0 20 0 0 0 0 0 0 0 0 0 0 0 0 0
24398 (95.lumiebrowser) S 571 1 1 0 0 0 1 1 0 0 1 1 0 0 0 -20 91 0 24094391 188739039232 247408 0 0 0 0 0 0 0 0 0 0 0 33887 0 0 9 40 0 0 0 0 0 0 0 0 0 0 0 0 0
24402 (sandbox_thread) S 571 1 1 0 0 0 1 1 1 1 1 0 0 0 0 -20 91 0 24094394 188739039232 247408 0 0 0 0 0 0 0 0 0 0 0 33887 0 0 6 40 0 0 0 0 0 0 0 0 0 0 0 0 0
24406 (OS_EVENT_POLL) S 571 1 1 0 0 0 30 30 22 22 3 1 0 0 -53 -20 91 0 24094395 188739039232 247408 0 0 0 0 0 0 0 0 0 0 0 33887 0 0 11 52 1 0 0 0 0 0 0 0 0 0 0 0 0
24423 (OS_MainDisplayS) S 571 1 1 0 0 0 60 60 49 49 1 1 0 0 0 -20 91 0 24094397 188739039232 247408 0 0 0 0 0 0 0 0 0 0 0 33887 0 0 6 40 0 0 0 0 0 0 0 0 0 0 0 0 0
24424 (OS_IPC_4_24424) S 571 1 1 0 0 0 53 53 4 4 1 1 0 0 0 -20 91 0 24094397 188739039232 247408 0 0 0 0 0 0 0 0 0 0 0 33887 0 0 4 40 0 0 0 0 0 0 0 0 0 0 0 0 0
24426 (95.lumiebrowser) S 571 1 1 0 0 0 28 28 0 0 1 0 0 0 0 -20 91 0 24094398 188739039232 247408 0 0 0 0 0 0 0 0 0 0 0 33887 0 0 1 40 0 0 0 0 0 0 0 0 0 0 0 0 0
24432 (OS_ExtensionSes) S 571 1 1 0 0 0 76 76 94 94 1 1 0 0 10 -10 91 0 24094403 188739039232 247408 0 0 0 0 0 0 0 0 0 0 0 33887 0 0 7 30 0 0 0 0 0 0 0 0 0 0 0 0 0
24459 (95.lumiebrowser) S 571 1 1 0 0 0 2 2 4 4 4 11 0 0 10 -10 91 0 24094413 188739039232 247408 0 0 0 0 0 0 0 0 0 0 0 33887 0 0 1 30 0 0 0 0 0 0 0 0 0 0 0 0 0
24460 (CrBrowserMain) S 571 1 1 0 0 0 135407 135407 16515 16515 461 153 0 0 12 -8 91 0 24094413 188739039232 247408 0 0 0 0 0 0 0 0 0 0 0 33887 0 0 3 28 0 0 0 0 0 0 0 0 0 0 0 0 0
24473 (PerfettoTrace) S 571 1 1 0 0 0 35 35 22 22 1 0 0 0 20 0 91 0 24094417 188739039232 247408 0 0 0 0 0 0 0 0 0 0 0 33887 0 0 0 20 0 0 0 0 0 0 0 0 0 0 0 0 0
24479 (ThreadPoolServi) S 571 1 1 0 0 0 93 93 2 2 3 1 0 0 20 0 91 0 24094417 188739039232 247408 0 0 0 0 0 0 0 0 0 0 0 33887 0 0 0 20 0 0 0 0 0 0 0 0 0 0 0 0 0
24481 (ThreadPoolForeg) S 571 1 1 0 0 0 171755 171755 6599 6599 4528 126 0 0 20 0 91 0 24094417 188739039232 247408 0 0 0 0 0 0 0 0 0 0 0 33887 0 0 7 20 0 0 0 0 0 0 0 0 0 0 0 0 0
24482 (Chrome_IOThread) S 571 1 1 0 0 0 16087 16087 760 760 195 73 0 0 12 -8 91 0 24094417 188739039232 247408 0 0 0 0 0 0 0 0 0 0 0 33887 0 0 0 28 0 0 0 0 0 0 0 0 0 0 0 0 0
24488 (MemoryInfra) S 571 1 1 0 0 0 309 309 96 96 5 3 0 0 20 0 91 0 24094417 188739039232 247408 0 0 0 0 0 0 0 0 0 0 0 33887 0 0 1 20 0 0 0 0 0 0 0 0 0 0 0 0 0
24490 (CrShutdownDetec) S 571 1 1 0 0 0 6 6 0 0 1 0 0 0 20 0 91 0 24094418 188739039232 247408 0 0 0 0 0 0 0 0 0 0 0 33887 0 0 6 20 0 0 0 0 0 0 0 0 0 0 0 0 0
24500 (ThreadPoolForeg) R 571 1 1 0 0 0 38992 38992 4581 4581 5547 68 0 0 20 0 91 0 24094419 188739039232 247408 0 0 0 0 0 0 0 0 0 0 0 33887 0 0 9 20 0 0 0 0 0 0 0 0 0 0 0 0 0
24501 (ThreadPoolForeg) S 571 1 1 0 0 0 14234 14234 3132 3132 4169 61 0 0 20 0 91 0 24094419 188739039232 247408 0 0 0 0 0 0 0 0 0 0 0 33887 0 0 1 20 0 0 0 0 0 0 0 0 0 0 0 0 0
24503 (Chrome_InProcGp) S 571 1 1 0 0 0 8017 8017 6615 6615 4282 1049 0 0 12 -8 91 0 24094419 188739039232 247408 0 0 0 0 0 0 0 0 0 0 0 33887 0 0 2 28 0 0 0 0 0 0 0 0 0 0 0 0 0
24509 (CompositorTileW) S 571 1 1 0 0 0 28 28 31 31 1 1 0 0 20 0 91 0 24094419 188739039232 247408 0 0 0 0 0 0 0 0 0 0 0 33887 0 0 3 20 0 0 0 0 0 0 0 0 0 0 0 0 0
24510 (Chrome_ChildIOT) S 571 1 1 0 0 0 235 235 22 22 173 40 0 0 20 0 91 0 24094420 188739039232 247408 0 0 0 0 0 0 0 0 0 0 0 33887 0 0 1 20 0 0 0 0 0 0 0 0 0 0 0 0 0
24511 (AudioThread) S 571 1 1 0 0 0 9 9 5 5 1 1 0 0 20 0 91 0 24094420 188739039232 247408 0 0 0 0 0 0 0 0 0 0 0 33887 0 0 0 20 0 0 0 0 0 0 0 0 0 0 0 0 0
24512 (VideoCaptureThr) S 571 1 1 0 0 0 8 8 0 0 1 0 0 0 20 0 91 0 24094420 188739039232 247408 0 0 0 0 0 0 0 0 0 0 0 33887 0 0 5 20 0 0 0 0 0 0 0 0 0 0 0 0 0
24513 (ThreadPoolForeg) S 571 1 1 0 0 0 6695 6695 487 487 3101 30 0 0 20 0 91 0 24094420 188739039232 247408 0 0 0 0 0 0 0 0 0 0 0 33887 0 0 6 20 0 0 0 0 0 0 0 0 0 0 0 0 0
24514 (NetworkService) S 571 1 1 0 0 0 13345 13345 8445 8445 402 697 0 0 20 0 91 0 24094420 188739039232 247408 0 0 0 0 0 0 0 0 0 0 0 33887 0 0 3 20 0 0 0 0 0 0 0 0 0 0 0 0 0
24519 (gpu-mem-report) S 571 1 1 0 0 0 80 80 2 2 9 3 0 0 12 -8 91 0 24094422 188739039232 247408 0 0 0 0 0 0 0 0 0 0 0 33887 0 0 2 28 0 0 0 0 0 0 0 0 0 0 0 0 0
24520 (gpu-mem-pool) S 571 1 1 0 0 0 1 1 2 2 8 2 0 0 12 -8 91 0 24094422 188739039232 247408 0 0 0 0 0 0 0 0 0 0 0 33887 0 0 1 28 0 0 0 0 0 0 0 0 0 0 0 0 0
24521 (gpu-work-client) S 571 1 1 0 0 0 0 0 1 1 1 0 0 0 12 -8 91 0 24094422 188739039232 247408 0 0 0 0 0 0 0 0 0 0 0 33887 0 0 5 28 0 0 0 0 0 0 0 0 0 0 0 0 0
24523 (ThreadPoolSingl) S 571 1 1 0 0 0 213 213 77 77 1 1 0 0 20 0 91 0 24094423 188739039232 247408 0 0 0 0 0 0 0 0 0 0 0 33887 0 0 1 20 0 0 0 0 0 0 0 0 0 0 0 0 0
24527 (gpu-async-worke) S 571 1 1 0 0 0 4 4 0 0 1 0 0 0 12 -8 91 0 24094424 188739039232 247408 0 0 0 0 0 0 0 0 0 0 0 33887 0 0 5 28 0 0 0 0 0 0 0 0 0 0 0 0 0
24529 (gpu-mem-pool) S 571 1 1 0 0 0 7 7 0 0 30 16 0 0 12 -8 91 0 24094424 188739039232 247408 0 0 0 0 0 0 0 0 0 0 0 33887 0 0 0 28 0 0 0 0 0 0 0 0 0 0 0 0 0
24530 (gpu-work-server) S 571 1 1 0 0 0 64 64 12 12 838 471 0 0 -42 -10 91 0 24094425 188739039232 247408 0 0 0 0 0 0 0 0 0 0 0 33887 0 0 1 41 2 0 0 0 0 0 0 0 0 0 0 0 0
24534 (ThreadPoolForeg) S 571 1 1 0 0 0 8543 8543 784 784 2479 26 0 0 20 0 91 0 24094425 188739039232 247408 0 0 0 0 0 0 0 0 0 0 0 33887 0 0 1 20 0 0 0 0 0 0 0 0 0 0 0 0 0
24535 (ThreadPoolForeg) S 571 1 1 0 0 0 4361 4361 211 211 2065 22 0 0 20 0 91 0 24094426 188739039232 247408 0 0 0 0 0 0 0 0 0 0 0 33887 0 0 1 20 0 0 0 0 0 0 0 0 0 0 0 0 0
24537 (ThreadPoolForeg) S 571 1 1 0 0 0 6689 6689 203 203 2251 34 0 0 20 0 91 0 24094426 188739039232 247408 0 0 0 0 0 0 0 0 0 0 0 33887 0 0 4 20 0 0 0 0 0 0 0 0 0 0 0 0 0
24539 (ThreadPoolSingl) S 571 1 1 0 0 0 297 297 28 28 7 9 0 0 20 0 91 0 24094426 188739039232 247408 0 0 0 0 0 0 0 0 0 0 0 33887 0 0 1 20 0 0 0 0 0 0 0 0 0 0 0 0 0
24540 (ThreadPoolForeg) S 571 1 1 0 0 0 6307 6307 153 153 1950 23 0 0 20 0 91 0 24094426 188739039232 247408 0 0 0 0 0 0 0 0 0 0 0 33887 0 0 9 20 0 0 0 0 0 0 0 0 0 0 0 0 0
24541 (ThreadPoolForeg) S 571 1 1 0 0 0 3020 3020 63 63 1815 15 0 0 20 0 91 0 24094426 188739039232 247408 0 0 0 0 0 0 0 0 0 0 0 33887 0 0 5 20 0 0 0 0 0 0 0 0 0 0 0 0 0
24542 (ThreadPoolForeg) S 571 1 1 0 0 0 3661 3661 46 46 1726 14 0 0 20 0 91 0 24094426 188739039232 247408 0 0 0 0 0 0 0 0 0 0 0 33887 0 0 2 20 0 0 0 0 0 0 0 0 0 0 0 0 0
24543 (ThreadPoolForeg) R 571 1 1 0 0 0 2276 2276 0 0 1592 14 0 0 20 0 91 0 24094426 188739039232 247408 0 0 0 0 0 0 0 0 0 0 0 33887 0 0 0 20 0 0 0 0 0 0 0 0 0 0 0 0 0
24544 (ThreadPoolForeg) S 571 1 1 0 0 0 1559 1559 10 10 1528 15 0 0 20 0 91 0 24094426 188739039232 247408 0 0 0 0 0 0 0 0 0 0 0 33887 0 0 8 20 0 0 0 0 0 0 0 0 0 0 0 0 0
24545 (ThreadPoolForeg) R 571 1 1 0 0 0 1507 1507 511 511 1491 15 0 0 20 0 91 0 24094426 188739039232 247408 0 0 0 0 0 0 0 0 0 0 0 33887 0 0 0 20 0 0 0 0 0 0 0 0 0 0 0 0 0
24546 (ThreadPoolForeg) R 571 1 1 0 0 0 924 924 1 1 1400 13 0 0 20 0 91 0 24094426 188739039232 247408 0 0 0 0 0 0 0 0 0 0 0 33887 0 0 0 20 0 0 0 0 0 0 0 0 0 0 0 0 0
24547 (ThreadPoolForeg) S 571 1 1 0 0 0 574 574 0 0 1348 15 0 0 20 0 91 0 24094426 188739039232 247408 0 0 0 0 0 0 0 0 0 0 0 33887 0 0 9 20 0 0 0 0 0 0 0 0 0 0 0 0 0
24548 (Chrome_DevTools) S 571 1 1 0 0 0 43 43 20 20 2 4 0 0 20 0 91 0 24094430 188739039232 247408 0 0 0 0 0 0 0 0 0 0 0 33887 0 0 3 20 0 0 0 0 0 0 0 0 0 0 0 0 0
24552 (VizCompositorTh) S 571 1 1 0 0 0 5148 5148 194 194 4029 73 0 0 12 -8 91 0 24094434 188739039232 247408 0 0 0 0 0 0 0 0 0 0 0 33887 0 0 3 28 0 0 0 0 0 0 0 0 0 0 0 0 0
24575 (CacheThread_Blo) S 571 1 1 0 0 0 763 763 96 96 7 9 0 0 20 0 91 0 24094446 188739039232 247408 0 0 0 0 0 0 0 0 0 0 0 33887 0 0 0 20 0 0 0 0 0 0 0 0 0 0 0 0 0
24576 (Chrome_InProcRe) S 571 1 1 0 0 0 768398 768398 12208 12208 4337 608 0 0 12 -8 91 0 24094447 188739039232 247408 0 0 0 0 0 0 0 0 0 0 0 33887 0 0 0 28 0 0 0 0 0 0 0 0 0 0 0 0 0
24577 (Chrome_ChildIOT) S 571 1 1 0 0 0 12907 12907 3 3 31 15 0 0 12 -8 91 0 24094447 188739039232 247408 0 0 0 0 0 0 0 0 0 0 0 33887 0 0 3 28 0 0 0 0 0 0 0 0 0 0 0 0 0
24588 (Compositor) S 571 1 1 0 0 0 7449 7449 132 132 3292 101 0 0 12 -8 91 0 24094450 188739039232 247408 0 0 0 0 0 0 0 0 0 0 0 33887 0 0 1 28 0 0 0 0 0 0 0 0 0 0 0 0 0
24663 (OS_VSyncThread) S 571 1 1 0 0 0 22 22 0 0 414 290 0 0 -42 -10 91 0 24094475 188739039232 247408 0 0 0 0 0 0 0 0 0 0 0 33887 0 0 1 41 2 0 0 0 0 0 0 0 0 0 0 0 0
24677 (ThreadPoolForeg) S 571 1 1 0 0 0 551 551 715 715 1273 18 0 0 20 0 91 0 24094484 188739039232 247408 0 0 0 0 0 0 0 0 0 0 0 33887 0 0 1 20 0 0 0 0 0 0 0 0 0 0 0 0 0
24678 (OS_BiShengGPU) S 571 1 1 0 0 0 1055 1055 1667 1667 3 1 0 0 12 -8 91 0 24094485 188739039232 247408 0 0 0 0 0 0 0 0 0 0 0 33887 0 0 9 28 0 0 0 0 0 0 0 0 0 0 0 0 0
24679 (OS_BiShengGPU) S 571 1 1 0 0 0 3 3 3 3 1 0 0 0 12 -8 91 0 24094485 188739039232 247408 0 0 0 0 0 0 0 0 0 0 0 33887 0 0 5 28 0 0 0 0 0 0 0 0 0 0 0 0 0
24694 (gpu-boost-scwc) S 571 1 1 0 0 0 2 2 1 1 1 1 0 0 12 -8 91 0 24094487 188739039232 247408 0 0 0 0 0 0 0 0 0 0 0 33887 0 0 6 28 0 0 0 0 0 0 0 0 0 0 0 0 0
24699 (Acquire Fence) S 571 1 1 0 0 0 3 3 0 0 1 1 0 0 -42 -10 91 0 24094489 188739039232 247408 0 0 0 0 0 0 0 0 0 0 0 33887 0 0 7 41 2 0 0 0 0 0 0 0 0 0 0 0 0
24825 (OS_FFRT_2_3) S 571 1 1 0 0 0 29 29 42 42 1 1 0 0 20 0 91 0 24094561 188739039232 247408 0 0 0 0 0 0 0 0 0 0 0 33887 0 0 0 20 0 0 0 0 0 0 0 0 0 0 0 0 0
25149 (inotify_reader) S 571 1 1 0 0 0 3 3 0 0 1 0 0 0 20 0 91 0 24095084 188739039232 247408 0 0 0 0 0 0 0 0 0 0 0 33887 0 0 9 20 0 0 0 0 0 0 0 0 0 0 0 0 0
25443 (OS_imfHiSysEven) S 571 1 1 0 0 0 1 1 0 0 2 0 0 0 0 -20 91 0 24096364 188739039232 247408 0 0 0 0 0 0 0 0 0 0 0 33887 0 0 0 40 0 0 0 0 0 0 0 0 0 0 0 0 0
25524 (Media) S 571 1 1 0 0 0 712 712 16 16 555 7370 0 0 20 0 91 0 24097268 188739039232 247408 0 0 0 0 0 0 0 0 0 0 0 33887 0 0 7 20 0 0 0 0 0 0 0 0 0 0 0 0 0
25525 (VideoFrameCompo) S 571 1 1 0 0 0 190 190 5 5 574 48 0 0 12 -8 91 0 24097287 188739039232 247408 0 0 0 0 0 0 0 0 0 0 0 33887 0 0 0 28 0 0 0 0 0 0 0 0 0 0 0 0 0
27717 (OS_IPC_5_27717) S 571 1 1 0 0 0 22 22 0 0 1 1 0 0 0 -20 91 0 24105393 188739039232 247408 0 0 0 0 0 0 0 0 0 0 0 33887 0 0 0 40 0 0 0 0 0 0 0 0 0 0 0 0 0
27726 (OS_IPC_6_27726) S 571 1 1 0 0 0 17 17 2 2 1 1 0 0 0 -20 91 0 24105396 188739039232 247408 0 0 0 0 0 0 0 0 0 0 0 33887 0 0 9 40 0 0 0 0 0 0 0 0 0 0 0 0 0
28081 (CodecWorker) R 571 1 1 0 0 0 7788 7788 0 0 8475 18 0 0 20 0 91 0 24107074 188739039232 247408 0 0 0 0 0 0 0 0 0 0 0 33887 0 0 9 20 0 0 0 0 0 0 0 0 0 0 0 0 0
28082 (CodecWorker) S 571 1 1 0 0 0 6895 6895 0 0 8453 19 0 0 20 0 91 0 24107074 188739039232 247408 0 0 0 0 0 0 0 0 0 0 0 33887 0 0 11 20 0 0 0 0 0 0 0 0 0 0 0 0 0
28083 (CodecWorker) S 571 1 1 0 0 0 8281 8281 0 0 8399 15 0 0 20 0 91 0 24107074 188739039232 247408 0 0 0 0 0 0 0 0 0 0 0 33887 0 0 9 20 0 0 0 0 0 0 0 0 0 0 0 0 0
28084 (CodecWorker) S 571 1 1 0 0 0 8018 8018 0 0 8358 15 0 0 20 0 91 0 24107074 188739039232 247408 0 0 0 0 0 0 0 0 0 0 0 33887 0 0 5 20 0 0 0 0 0 0 0 0 0 0 0 0 0
28085 (CodecWorker) R 571 1 1 0 0 0 6043 6043 0 0 8266 20 0 0 20 0 91 0 24107074 188739039232 247408 0 0 0 0 0 0 0 0 0 0 0 33887 0 0 8 20 0 0 0 0 0 0 0 0 0 0 0 0 0
28086 (CodecWorker) R 571 1 1 0 0 0 6278 6278 0 0 8245 16 0 0 20 0 91 0 24107074 188739039232 247408 0 0 0 0 0 0 0 0 0 0 0 33887 0 0 0 20 0 0 0 0 0 0 0 0 0 0 0 0 0
28087 (CodecWorker) S 571 1 1 0 0 0 6378 6378 0 0 8140 20 0 0 20 0 91 0 24107074 188739039232 247408 0 0 0 0 0 0 0 0 0 0 0 33887 0 0 6 20 0 0 0 0 0 0 0 0 0 0 0 0 0
28088 (CodecWorker) S 571 1 1 0 0 0 7354 7354 0 0 8048 24 0 0 20 0 91 0 24107074 188739039232 247408 0 0 0 0 0 0 0 0 0 0 0 33887 0 0 1 20 0 0 0 0 0 0 0 0 0 0 0 0 0
28089 (CodecWorker) S 571 1 1 0 0 0 7089 7089 0 0 7955 25 0 0 20 0 91 0 24107074 188739039232 247408 0 0 0 0 0 0 0 0 0 0 0 33887 0 0 5 20 0 0 0 0 0 0 0 0 0 0 0 0 0
28090 (CodecWorker) R 571 1 1 0 0 0 6482 6482 0 0 7916 18 0 0 20 0 91 0 24107074 188739039232 247408 0 0 0 0 0 0 0 0 0 0 0 33887 0 0 2 20 0 0 0 0 0 0 0 0 0 0 0 0 0
28091 (CodecWorker) R 571 1 1 0 0 0 8234 8234 0 0 7870 22 0 0 20 0 91 0 24107074 188739039232 247408 0 0 0 0 0 0 0 0 0 0 0 33887 0 0 7 20 0 0 0 0 0 0 0 0 0 0 0 0 0
29610 (ThreadPoolForeg) S 571 1 1 0 0 0 1 1 0 0 1 0 0 0 20 0 91 0 24117137 188739039232 247408 0 0 0 0 0 0 0 0 0 0 0 33887 0 0 1 20 0 0 0 0 0 0 0 0 0 0 0 0 0
31979 (OS_FFRT_3_25) S 571 1 1 0 0 0 14 14 0 0 1 1 0 0 10 -10 91 0 24127293 188739039232 247408 0 0 0 0 0 0 0 0 0 0 0 33887 0 0 2 30 0 0 0 0 0 0 0 0 0 0 0 0 0
32086 (OS_FFRT_3_26) S 571 1 1 0 0 0 1 1 0 0 1 1 0 0 10 -10 91 0 24128819 188739039232 247408 0 0 0 0 0 0 0 0 0 0 0 33887 0 0 3 30 0 0 0 0 0 0 0 0 0 0 0 0 0
32146 (OS_FFRT_2_23) S 571 1 1 0 0 0 13 13 0 0 1 0 0 0 20 0 91 0 24129400 188739039232 247408 0 0 0 0 0 0 0 0 0 0 0 33887 0 0 7 20 0 0 0 0 0 0 0 0 0 0 0 0 0
32147 (OS_FFRT_2_24) S 571 1 1 0 0 0 13 13 0 0 1 0 0 0 20 0 91 0 24129400 188739039232 247408 0 0 0 0 0 0 0 0 0 0 0 33887 0 0 11 20 0 0 0 0 0 0 0 0 0 0 0 0 0
